262
364
24
24
296
24
24
646
116
362
248
345
345
670
345
345
48
134
381
288
197
244
244
244
244
58
114
313
416
313
313
313
66
346
106
138
260
382
324
324
82
324
240
678
389
292
292
292
292
56
305
121
5632
5632
376
2846
761
230
761
66
226
761
114
761
182
6060
174
377
6160
174
6160
174
230
52
711
240
134
116
187
5850
448
150
80
240
82
711
711
711
5988
381
5988
289
240
96
242
4354
969
969
969
969
666
666
666
226
86
236
210
5954
5954
382
288
288
288
288
240
153
217
172
700
652
1846
192
192
460
192
6476
136
6576
288
2834
6576
200
656
471
471
471
128
471
260
224
222
116
384
130
236
656
142
224
266
399
128
224
257
969
389
969
969
969
6286
6286
6286
136
2636
236
145
291
345
1534
345
1534
345
1534
345
1534
92
242
3650
263
225
225
225
1846
225
248
156
1508
4766
377
377
377
377
6190
6290
1128
6290
250
116
244
272
292
292
292
292
1266
230
250
152
266
288
288
288
288
162
244
154
384
294
1892
294
1992
294
2092
294
2192
238
123
1346
242
427
664
6060
7180
6160
7180
138
168
80
244
5900
288
399
5900
288
288
288
238
170
102
122
389
6002
6002
6002
754
128
240
850
268
646
360
324
5954
324
324
160
123
646
417
417
5946
417
4446
417
4446
4446
140
241
2750
168
238
182
5958
260
414
260
260
1238
100
356
260
172
658
376
353
353
353
110
228
4650
174
5984
693
693
2138
693
693
204
142
345
5728
381
288
5462
721
721
224
148
2450
456
721
217
721
546
372
6032
6132
345
345
345
162
66
683
222
646
6082
389
313
6082
10104
313
6082
10104
313
313
168
241
212
416
416
3982
416
416
1238
252
174
94
238
202
414
170
678
136
345
678
678
126
238
678
221
414
6340
6340
150
236
86
254
134
969
969
969
414
86
646
969
381
288
656
288
288
1892
288
100
240
134
255
658
5988
225
398
225
44
225
238
1532
389
324
6080
6080
680
680
130
110
295
357
357
357
40
357
132
248
254
264
389
652
104
66
342
646
398
361
361
6192
361
6292
361
6392
240
246
172
646
5984
382
5984
289
658
3984
289
289
289
240
106
80
664
274
417
274
1044
274
274
236
162
240
145
267
145
656
6344
145
6344
145
6344
6344
244
200
250
182
182
182
6072
182
6172
1040
6172
186
116
250
317
317
317
317
140
350
279
646
324
324
654
324
6080
6180
238
148
646
398
4936
652
398
398
398
236
236
154
374
3906
1044
721
721
236
721
248
721
370
370
370
10308
10308
10308
399
246
153
570
5840
377
3640
377
377
377
2040
370
280
122
246
259
5992
272
5992
711
5658
711
244
179
86
711
711
546
6032
362
6132
6132
345
345
345
179
708
224
162
3966
646
272
292
292
6044
292
156
2356
162
118
357
357
1044
357
742
357
70
6396
374
338
5988
338
5988
338
1072
363
363
114
224
6002
345
6002
345
6002
345
693
1040
345
70
236
118
262
118
118
126
126
126
236
1376
136
262
111
111
646
111
111
250
5570
236
252
196
646
5954
410
410
410
84
410
138
252
179
6076
1044
6176
721
5638
254
721
250
721
721
381
6034
676
676
676
136
676
248
248
170
6060
374
6160
1040
6160
664
664
238
442
664
250
664
374
324
324
324
324
102
242
5748
262
1546
5748
399
345
345
345
345
238
212
302
1646
302
302
302
6068
303
252
244
384
384
384
384
2044
6396
200
284
6306
6306
708
6306
708
708
82
708
250
1354
175
1896
3040
82
742
5782
254
675
1932
675
2032
675
1232
675
82
222
217
160
2646
410
6060
6160
86
658
222
140
658
658
658
1646
5966
370
5966
357
357
357
693
357
234
258
317
6016
317
6016
317
6016
317
1044
357
148
256
254
389
156
6370
80
761
6370
761
5770
761
267
5770
288
288
288
288
124
363
84
238
374
225
225
6304
225
6304
225
676
6304
68
222
238
546
266
382
4270
160
66
711
711
711
546
250
377
6076
324
6176
324
2176
324
160
704
246
288
5992
288
5992
288
1892
652
1044
338
179
60
5572
244
377
693
11432
693
225
11432
6476
693
6576
693
374
5934
5934
5834
710
2224
1294
710
710
276
710
136
263
372
800
345
121
345
345
664
228
1528
246
260
372
260
260
238
250
1272
374
658
230
260
5662
216
362
5946
1167
246
1167
246
1558
94
711
148
872
240
1950
158
384
676
6340
676
6040
240
158
676
6040
676
389
389
389
389
1224
6374
175
3574
238
3574
548
376
346
346
346
708
346
140
5482
245
288
313
5878
313
313
313
54
1238
158
255
357
357
357
357
230
226
5620
244
152
398
5904
398
398
94
134
262
262
262
262
262
292
6306
3287
306
224
126
6026
372
305
6026
305
6026
305
305
1124
136
240
156
144
374
6054
345
6154
345
345
156
711
224
134
141
3934
5988
5988
448
80
2238
658
275
148
658
658
254
6076
6176
6176
710
70
710
710
710
238
168
241
6044
381
6044
230
214
182
969
5894
969
5894
969
969
230
260
1132
239
2763
563
5980
225
563
225
225
172
1944
140
244
646
277
277
277
292
284
2932
236
266
345
345
345
345
1238
6370
76
2812
260
272
272
272
272
6374
307
70
6374
68
4674
4846
4674
258
307
307
307
2230
98
271
668
271
271
271
1892
1992
2092
2192
350
150
382
2340
4786
274
296
296
6200
670
296
7055
296
7100
187
104
646
377
5924
377
377
377
80
160
370
317
6060
317
6160
317
6160
317
1138
236
160
158
5902
5902
384
300
300
300
300
5138
5472
136
238
370
338
5972
338
338
338
1130
158
210
240
5900
240
5900
240
2800
263
263
3115
250
3215
3315
248
348
156
3415
5954
5954
1294
398
345
345
656
345
345
240
160
260
646
6002
324
6002
324
6002
324
6002
324
179
222
170
170
170
170
5992
187
187
1238
136
260
242
416
4962
416
416
66
502
140
150
427
6034
357
357
357
1130
357
112
226
158
5864
1629
262
364
262
262
262
92
252
1462
3438
3538
399
3638
399
3738
399
399
1960
2060
78
230
200
317
4727
6032
6132
324
6132
656
216
238
222
928
5790
410
238
224
1842
255
238
345
345
345
6080
345
1772
248
250
204
192
710
389
192
192
2676
192
2776
230
148
357
410
410
1894
410
112
448
114
250
3868
307
6046
307
6046
6861
307
6046
6961
307
7061
144
7161
1230
256
252
221
654
376
6140
376
6240
376
6232
6240
376
230
134
5734
138
250
272
225
3168
225
225
225
238
228
136
102
6648
317
317
6060
317
6160
317
6160
7378
250
246
274
345
754
345
345
345
1230
146
256
398
6068
398
6068
398
398
128
68
474
345
221
5972
165
5972
165
377
165
1130
140
242
357
357
6000
357
676
3048
357
3148
1230
240
246
148
462
372
5900
238
767
236
160
767
767
82
234
767
175
5992
175
384
5992
175
175
158
150
259
192
192
192
6060
192
6160
708
1230
248
248
156
240
6044
6044
6044
138
250
969
969
252
969
969
382
704
1230
140
68
704
704
704
236
245
6076
377
295
6176
295
6176
295
295
102
242
244
250
241
267
267
267
267
82
6488
248
6588
646
414
414
2822
414
174
467
244
252
248
5856
262
374
262
262
262
1570
1230
58
362
357
254
250
259
291
291
291
291
126
260
254
6892
324
6992
324
7092
324
7192
324
1230
134
6362
76
272
225
225
225
225
236
267
254
646
5904
410
345
345
345
345
124
248
366
140
646
284
6076
6076
448
448
448
222
124
448
263
257
257
257
3894
257
130
1230
136
175
175
382
175
175
966
192
156
70
132
6032
157
264
364
6132
157
6132
157
969
1230
5900
5900
6060
6160
5922
5922
5822
